nb_simu: 1000
sample_size: [200]
lambda_x: [.1, .15, .2, .25, .3, .35, .4, .45, .5, .55, .6, .65, .7, .75, .8, .85, .9, .95]
lambda_z: [1]
alpha_y: [20.0, 10.0, 6.666666666666667, 5.0, 4.0, 3.3333333333333335, 2.857142857142857, 2.5, 2.2222222222222223, 2.0, 1.8181818181818181, 1.6666666666666667, 1.5384615384615383, 1.4285714285714286, 1.3333333333333333, 1.25, 1.1764705882352942, 1.1111111111111112, 1.0526315789473684, 1.0]